-0.03 0.13 -0.07
0.04 -0.02 0.20
0.00 -0.04 -0.06
0.10 -0.02 0.13
-0.02 0.07 -0.14
-0.13 0.05 0.08
-0.14 0.01 -0.03
-0.14 -0.06 0.04
-0.32 0.19 0.09
-1.27 0.11 0.44
-0.27 1.29 0.35
-3.72 2.14 2.48
-1.95 0.82 2.86
-2.30 0.67 1.91
-4.36 -2.25 2.01
-5.49 2.21 4.55
-8.51 2.62 6.49
-3.91 -2.03 8.06
4.78 -0.82 8.97
8.54 -1.95 10.03
4.06 -0.37 9.22
-3.28 -0.91 2.99
-3.73 -2.17 -0.06
0.32 -1.80 -0.13
3.10 -2.78 0.77
2.91 -2.90 0.56
1.77 -2.13 -0.85
3.93 -3.33 -0.22
6.43 -0.92 1.63
3.15 0.66 3.86
-0.40 -1.41 4.10
-0.98 -0.95 3.06
-0.19 0.05 2.12
-0.34 -0.37 1.47
-0.78 0.17 0.77
-0.25 1.58 0.88
0.36 0.08 0.38
-2.27 2.36 -1.43
-2.94 3.60 -2.79
-2.35 2.69 -3.17
-2.88 3.04 -1.98
-3.70 0.92 0.50
-3.68 -0.21 1.49
-4.36 1.32 2.75
-5.55 -1.66 2.57
-5.16 -0.12 0.98
-2.86 -1.30 -0.69
-0.98 -0.37 0.86
0.87 -1.49 2.33
0.99 -1.53 1.53
-0.60 -1.33 0.66
-1.40 -0.29 2.62
-0.64 -1.59 2.70
0.60 -1.35 1.47
0.25 -1.18 -0.32
-0.63 -0.25 0.79
-1.68 -0.47 2.05
-1.53 -0.78 2.20
-0.85 -0.48 2.28
-4.67 3.49 11.32
-11.20 3.53 27.48
-4.51 9.00 48.83
-5.30 3.07 72.50
3.54 -5.36 89.93
-2.97 -5.39 102.70
-8.20 -8.74 109.91
-7.27 -8.68 114.10
-9.93 -0.44 110.55
1.87 -11.85 96.94
7.77 14.20 78.57
13.24 12.12 60.92
6.91 -3.20 37.59
-2.10 -2.59 20.17
-5.14 -5.52 5.22
-4.86 -4.36 -3.14
-1.83 -4.48 -6.06
1.21 -1.38 -3.88
4.84 4.29 -0.56
4.35 4.20 4.01
-2.73 3.65 16.58
-5.58 8.01 37.71
-2.04 3.27 58.62
0.21 -9.29 75.05
-8.18 5.14 84.98
0.09 -5.09 92.64
-2.19 0.25 96.69
-1.79 3.06 96.20
4.81 0.76 82.59
10.34 10.34 64.27
6.76 10.63 43.35
-0.93 -1.49 20.74
-4.04 0.23 2.80
-3.51 2.52 -7.94
2.09 2.73 -8.75
3.66 6.45 -1.97
5.62 3.58 2.86
8.37 0.88 4.44
5.55 -0.14 5.01
-1.59 1.71 17.26
-13.47 -4.00 37.40
-6.52 -2.20 61.45
-10.15 -3.71 78.11
-12.25 -10.09 85.30
-11.18 -7.92 89.15
-8.13 1.60 87.47
1.41 -0.65 73.39
2.50 2.51 49.71
2.94 -2.30 27.21
5.22 -1.25 10.77
9.48 2.53 -0.26
12.15 -0.34 -5.58
5.91 0.73 -4.88
2.20 -1.27 -1.76
3.01 -1.66 0.64
6.26 -0.40 0.61
6.45 -1.80 -0.82
1.28 -3.01 0.50
-3.59 -2.20 2.11
-7.74 0.99 6.68
-10.99 2.15 20.39
-9.37 -0.67 43.00
-10.15 4.07 63.45
-7.85 -2.02 73.99
-3.94 -4.56 80.98
-5.27 5.54 65.84
-4.52 0.60 47.04
-6.23 -3.40 29.72
-3.48 4.36 16.53
-1.01 2.94 5.92
3.40 -3.51 -0.24
5.33 -0.30 -2.55
5.60 -1.48 -1.63
4.35 -0.96 1.10
3.11 -1.53 2.71
3.11 -0.85 2.36
2.08 -1.53 0.50
0.11 -1.19 -0.58
-1.91 -0.91 0.95
-4.33 0.72 2.75
-9.87 2.89 11.40
-14.95 -0.79 24.77
-10.38 -10.22 43.42
-3.11 -2.70 65.97
7.66 -2.96 82.76
1.08 -9.78 79.80
-6.77 1.53 57.01
-10.19 -3.04 32.99
-9.21 -9.68 13.57
-0.30 -1.76 2.66
6.05 4.49 -3.47
9.06 1.50 -5.12
9.00 0.85 -2.69
5.03 -0.34 0.31
2.98 0.13 0.99
2.33 0.51 -0.40
0.06 -0.85 -0.82
-1.61 -2.38 0.98
-3.37 -0.63 2.29
-3.83 -1.91 1.88
-3.56 -2.04 1.37
-2.68 -0.99 -0.05
-2.88 -0.47 0.05
-6.97 1.10 3.89
-10.50 3.46 16.65
-15.59 -6.65 29.72
-8.83 -2.91 49.09
-0.99 0.33 69.75
4.58 -4.83 73.61
6.04 3.19 58.53
2.05 1.59 36.51
2.09 -8.05 18.17
0.93 -0.04 1.56
1.96 1.85 -8.36
4.08 3.07 -9.93
6.02 3.13 -7.08
8.86 4.81 -3.69
10.04 4.77 -2.36
7.32 3.03 -1.82
1.88 3.24 -0.02
-1.91 3.04 1.37
-5.26 2.49 2.21
-5.07 1.65 1.41
-4.45 0.92 1.56
-2.33 0.33 0.64
0.79 1.89 0.66
2.99 1.97 0.92
2.05 2.57 -0.66
1.01 2.04 -1.24
-2.08 3.17 0.09
-5.18 5.13 2.32
-11.80 6.14 11.83
-15.80 -0.49 28.11
-7.48 -3.96 51.75
-3.46 -11.66 70.28
-3.28 -10.54 62.02
-2.42 3.27 40.53
-5.71 -1.91 17.05
-2.53 -3.42 -0.88
4.75 1.63 -11.96
9.90 4.21 -14.69
10.77 4.88 -9.38
9.19 -1.34 -3.94
8.79 -3.05 0.60
6.19 3.14 -0.26
0.79 1.92 -0.89
-3.57 0.90 -0.28
-6.00 2.62 0.73
-5.36 0.98 2.59
-3.40 0.04 3.88
-0.87 -1.25 4.34
1.95 -1.14 2.37
5.38 -0.11 -0.31
5.45 1.50 -1.17
3.25 1.24 -1.35
0.03 0.76 -1.14
-1.63 0.41 0.27
-1.70 -0.47 1.98
-1.27 -0.85 3.66
-0.42 -1.06 3.08
-2.01 1.17 3.00
-8.61 0.96 12.90
-13.47 -6.49 27.12
-10.71 -5.81 40.96
-0.43 -14.34 52.04
14.04 -0.27 43.11
5.37 5.88 24.28
-2.31 -6.58 2.93
-1.68 -5.10 -7.49
1.05 2.54 -9.69
3.32 2.57 -5.07
3.14 2.20 0.95
2.37 1.60 3.98
3.74 0.18 4.03
3.80 1.93 1.71
-0.66 1.60 1.34
-4.07 -1.11 -0.07
-6.07 0.63 0.26
-3.85 -0.42 -0.14
-1.41 1.30 0.52
-0.66 0.58 0.09
0.87 0.61 -1.10
0.05 2.17 -2.70
1.96 3.01 -1.88
3.68 2.40 -0.87
4.91 2.66 -0.35
4.07 2.61 0.76
2.44 0.76 0.82
-1.01 2.66 3.81
-5.89 5.16 14.63
-12.02 -3.86 31.48
-6.34 -8.32 53.79
-2.61 -4.73 59.99
-4.04 0.01 46.54
-3.50 -0.45 25.77
1.09 -8.24 8.45
4.79 -5.59 -3.09
8.24 -1.10 -5.81
11.96 1.10 -4.75
10.94 0.32 -2.64
8.97 0.00 -1.89
4.84 1.89 -2.20
1.84 0.37 -2.23
-1.11 -0.02 -0.47
-3.20 -0.52 1.72
-3.23 -1.95 2.53
-1.95 -1.98 1.89
-0.48 -0.43 0.11
0.05 0.43 -0.57
0.81 1.40 -0.75
1.42 1.83 -0.79
2.74 2.09 -0.98
-2.45 3.75 5.37
-5.23 4.08 18.25
-7.57 -3.90 37.53
-4.80 3.20 61.76
-1.82 -0.56 75.30
-0.17 -7.76 68.34
-3.03 -0.98 45.48
-5.32 0.55 20.63
-2.75 -4.43 -1.07
5.38 -1.71 -11.34
12.33 3.92 -11.34
13.91 7.13 -8.46
12.31 -0.02 -6.07
6.32 -1.05 -4.78
3.70 0.29 -3.59
1.61 1.37 -2.14
-0.99 2.18 0.43
-3.15 2.82 2.43
-1.53 0.82 3.35
-0.64 0.47 2.89
-2.62 0.29 5.47
-10.78 3.39 18.76
-12.07 -0.02 30.88
-10.76 0.17 53.28
-1.37 -3.07 69.79
-0.95 -0.64 72.14
-0.85 -0.81 52.25
-7.84 -0.28 26.68
-4.52 -6.26 8.18
3.83 -5.10 -4.42
9.35 1.47 -9.50
12.70 0.43 -8.56
10.14 -1.95 -6.47
6.06 0.42 -2.93
1.08 1.97 -1.14
-2.82 2.61 -0.77
-3.91 1.59 -1.02
-4.33 -0.04 0.42
-6.45 0.76 7.58
-9.78 -1.16 26.52
-8.81 -1.35 47.94
-6.42 -6.07 67.14
-13.66 -2.66 73.17
-14.74 -13.48 77.70
-6.77 -20.59 69.04
2.08 8.80 52.36
2.42 13.81 34.29
8.62 -3.57 17.76
7.06 3.48 4.08
6.86 -0.27 -3.07
2.29 -6.94 -3.22
-2.17 -1.65 -0.63
-0.11 -0.40 0.68
3.43 -0.95 -0.08
7.02 1.36 0.23
2.85 1.00 5.12
-9.29 -2.49 21.75
-10.59 -6.41 42.06
-13.72 1.38 61.05
-7.30 -3.12 74.15
-1.46 -2.14 82.29
-1.45 -2.93 87.26
-4.81 -6.18 87.88
-3.34 2.69 78.41
-5.39 1.37 59.07
-1.95 0.84 38.44
5.61 7.71 19.26
6.17 3.72 1.34
10.17 0.74 -6.90
9.71 4.05 -3.22
4.93 5.58 15.44
1.74 1.30 37.37
-8.42 -3.43 57.24
-13.11 -8.56 66.71
-16.60 -17.49 71.11
-13.92 -9.93 73.77
-9.80 -1.86 77.90
-3.34 0.34 81.53
2.60 0.72 86.92
7.29 1.22 89.45
7.71 5.81 94.30
-0.55 -5.17 88.55
2.77 5.33 69.93
2.91 9.67 45.32
0.76 2.99 20.48
4.35 6.34 -1.59
8.38 6.47 -14.29
12.66 9.08 -18.25
13.41 -0.12 -10.92
12.23 0.06 8.24
0.71 -4.00 32.40
-8.97 -0.12 46.82
-13.46 0.19 54.56
-15.72 -7.91 62.07
-16.06 -8.63 65.80
-15.08 -4.23 70.49
-17.66 -2.44 71.75
-12.80 -3.41 71.91
-13.84 -4.03 74.19
-6.22 -2.52 78.32
-4.21 -2.12 84.02
5.11 -7.77 89.87
13.16 -7.67 85.33
21.75 9.61 69.93
18.62 8.95 47.00
4.14 -5.31 18.86
-6.39 -1.11 -1.82
-0.94 -0.23 -11.60
0.24 5.91 -11.63
-1.18 4.46 -4.57
0.29 2.99 1.28
1.73 2.60 5.17
0.88 -3.23 14.60
-3.21 -6.32 32.70
-14.27 -3.46 51.25
-13.95 -6.14 65.01
-17.20 -10.34 71.86
-13.08 -15.51 76.55
-14.76 -14.39 77.11
-12.58 -13.24 73.62
-6.85 -5.64 58.53
3.97 -1.08 41.82
12.76 -3.48 28.69
13.12 0.81 15.59
8.69 0.28 7.03
1.60 -2.18 -0.61
1.23 -0.11 -1.88
6.87 3.39 -3.16
11.76 6.95 -2.11
13.58 5.93 -1.30
8.49 2.68 5.89
-6.17 0.18 21.30
-8.86 0.58 40.18
-5.96 -3.75 63.05
-3.56 -5.13 76.58
-1.25 -6.67 85.23
-15.05 -7.72 83.72
-9.77 -7.74 68.13
-4.91 0.63 49.12
-3.40 4.84 29.83
2.24 -3.30 15.21
2.65 0.14 5.63
3.46 0.71 1.11
5.50 2.05 -2.27
7.49 4.26 -4.36
10.05 7.27 -3.75
9.38 6.73 -1.75
5.51 2.91 3.27
-5.00 -1.45 17.93
-7.67 -3.16 34.67
-1.82 -2.30 57.65
6.12 -4.65 74.23
7.65 -4.35 82.96
-4.67 -4.92 86.03
-2.91 0.15 72.94
-0.92 8.42 51.72
-1.80 2.02 33.70
9.32 2.46 20.13
10.79 6.39 9.93
6.70 1.01 0.60
3.72 -1.11 -4.45
1.90 2.04 -4.77
5.06 4.20 -4.54
5.97 -0.04 -2.11
6.95 0.23 0.20
3.18 -0.09 3.03
-3.13 -0.15 11.21
-8.98 -2.50 23.03
-13.90 -12.06 41.59
-10.40 -2.34 62.36
-3.81 -1.50 79.57
-0.67 -7.10 84.43
-7.23 -2.20 87.23
-9.37 -0.55 81.32
-7.19 -0.25 61.40
2.72 2.94 42.79
8.14 4.01 26.53
10.37 5.60 14.39
5.52 -0.30 7.74
-2.19 0.13 3.82
-7.41 0.50 -0.19
-2.81 -0.98 -1.71
2.59 1.91 -3.66
3.74 1.84 -2.45
2.53 -0.03 1.09
-3.90 -1.80 8.64
-14.03 -7.87 24.09
-16.20 -3.88 45.61
-5.65 -2.53 68.28
-1.52 -9.76 81.02
-0.50 -2.01 89.24
-12.27 0.81 88.62
-17.55 -7.40 81.63
-15.11 -3.41 63.71
-6.71 5.04 46.42
4.23 4.94 31.53
8.61 0.14 18.15
6.61 -0.73 9.73
1.63 -1.98 4.06
-3.73 -1.90 2.42
-6.53 -2.27 6.77
-6.87 -0.95 23.06
2.70 -8.73 49.90
10.48 2.94 71.93
4.57 0.82 86.36
-3.13 -5.89 88.46
-11.34 -9.28 88.98
-15.98 -3.56 93.53
-8.88 -5.33 103.04
-4.21 -0.42 111.89
4.18 -2.71 115.76
8.64 13.58 114.89
3.78 8.12 92.71
0.80 -3.73 71.38
-1.43 -0.22 50.26
-6.60 -1.34 31.88
-7.82 -5.49 16.22
-4.70 0.14 4.00
-0.69 0.79 -3.46
2.98 -0.28 -3.25
3.16 2.09 1.59
-3.36 0.89 13.05
-6.83 0.08 29.08
-4.06 -3.68 47.68
13.86 3.04 67.33
5.76 6.10 78.64
6.52 3.43 83.43
-10.24 0.52 85.17
-12.99 2.61 87.54
-9.22 -3.23 96.31
5.44 10.33 102.92
6.94 18.55 105.79
5.33 9.90 106.32
-5.42 21.23 107.41
-21.62 1.55 110.82
-11.97 -3.36 114.36
-14.56 -5.03 122.61
-2.77 -2.08 117.12
12.12 6.34 100.14
13.05 8.30 79.28
11.53 2.30 54.31
-0.21 -1.30 32.20
-5.47 -2.46 17.22
-10.15 -2.62 4.29
-11.40 -4.94 -2.58
-9.86 -0.71 -1.37
-12.17 4.17 12.99
-12.40 9.75 31.96
-1.17 1.21 53.89
11.88 1.14 69.17
13.83 -9.80 82.08
9.13 -3.46 90.21
-0.79 5.26 94.68
-11.40 -2.28 96.16
-15.56 -6.91 101.02
-14.95 -5.97 109.51
-13.05 -15.11 119.26
-8.65 -11.16 125.60
-6.47 1.81 131.74
-6.52 -4.74 125.20
1.05 1.97 107.27
0.79 2.94 88.01
-0.74 -0.66 68.09
1.48 -1.35 49.31
-3.78 -1.57 28.19
-8.17 -3.15 12.78
-7.38 -4.21 1.97
-5.95 -2.97 -4.36
-3.75 -2.34 -4.50
-0.50 1.75 -1.71
2.04 2.46 0.76
-2.08 -1.76 10.35
-8.77 -0.53 28.50
-0.44 -2.52 50.70
5.79 -2.60 73.10
8.62 -2.27 88.04
4.35 -1.69 95.65
-8.61 0.19 100.97
-2.62 0.52 100.65
-4.40 0.89 86.81
0.63 1.12 69.13
4.81 6.49 53.34
5.87 4.82 37.99
6.05 2.29 23.13
0.00 -0.05 10.35
-3.36 -6.40 2.43
-3.01 -2.82 -0.33
1.29 3.46 -3.71
7.22 4.19 -3.52
10.72 2.88 -3.17
9.84 2.32 -3.63
4.05 -0.83 -3.39
-2.85 -2.17 -0.25
-10.83 -5.62 10.83
-13.20 -11.79 27.95
-3.65 -5.91 52.39
5.22 6.25 71.58
12.01 2.92 83.64
10.21 4.37 85.93
0.07 -1.14 79.14
-4.05 7.93 56.73
-5.12 9.87 33.94
-7.26 -0.28 11.66
-3.62 -3.84 -2.79
-0.08 -5.26 -7.31
0.91 -1.79 -4.62
6.77 1.34 -2.34
13.07 0.06 -2.39
13.25 -0.71 -1.49
8.05 -0.05 0.05
-2.12 0.11 9.89
-12.42 -4.81 24.35
-2.85 -5.39 47.04
-3.33 7.77 65.19
1.43 -2.40 76.30
8.16 -4.33 81.95
1.63 -1.80 85.39
1.05 10.32 72.20
0.94 3.30 50.08
-3.36 -5.06 28.03
-2.43 -1.45 14.94
1.99 -0.75 6.55
0.72 -3.95 2.12
0.37 -3.11 0.95
0.89 -0.46 -0.79
4.26 -3.11 -1.31
5.31 -0.76 -0.85
2.17 -0.63 1.53
-2.13 -1.18 2.31
-4.14 -0.96 2.23
-4.04 -1.83 1.79
-2.16 -2.30 1.50
-3.14 -1.45 2.32
-2.25 -0.45 3.62
-6.23 -2.42 13.28
-9.01 -0.26 26.70
-8.32 -4.52 47.24
-3.73 -1.14 66.99
3.11 -4.78 86.59
7.13 0.24 82.95
2.96 10.53 64.35
-1.17 4.54 40.73
-3.82 -1.59 20.68
-7.61 -2.08 5.94
-7.85 -3.62 -4.79
-5.00 -1.64 -9.12
-2.28 0.31 -6.39
-0.15 0.71 -0.37
1.62 2.19 3.53
4.72 2.01 4.25
4.12 0.45 4.17
1.02 -1.80 4.30
-3.83 -1.12 3.97
-5.05 -2.85 3.36
-3.32 -2.85 2.32
1.28 -2.46 1.88
4.54 -1.82 1.98
3.20 -0.54 3.07
1.25 -0.23 3.83
-1.84 -0.21 2.63
-2.12 -0.61 2.36
-1.85 1.37 0.56
-3.92 0.09 2.13
-5.85 -1.70 14.85
-10.44 -6.26 31.42
0.56 -4.94 53.53
9.10 -0.20 70.37
14.85 -0.77 60.88
13.66 1.59 42.96
2.75 2.05 20.52
-5.84 -1.35 2.19
-10.19 -5.81 -9.86
-9.39 -2.72 -13.53
-6.41 1.75 -8.42
-2.46 1.40 -1.98
3.96 0.81 1.55
8.87 0.45 2.53
7.80 -0.18 4.15
0.56 -0.33 4.49
-6.61 -0.03 1.67
-8.13 -0.85 -2.40
-4.15 0.30 -4.25
0.52 1.58 -3.05
4.33 2.53 -1.34
6.43 1.64 0.54
5.93 2.42 1.16
3.15 2.57 2.11
-3.11 -0.30 12.95
-11.94 5.91 26.31
1.34 -2.61 47.05
2.05 2.11 62.65
8.86 6.74 56.72
8.97 8.80 37.10
2.49 8.06 15.14
0.38 3.46 -0.21
-0.83 4.40 -10.00
-5.77 0.63 -12.63
-6.23 2.88 -9.22
-3.10 5.95 -5.17
2.64 4.20 -1.32
7.10 1.19 2.42
7.04 0.88 5.36
2.30 0.16 5.06
-2.98 1.18 1.67
-4.39 -0.08 -2.38
-3.62 0.12 -3.31
-1.01 0.61 -1.34
1.54 -0.11 1.88
0.82 0.14 3.68
0.83 -0.56 3.92
0.64 -0.71 2.49
0.63 0.79 0.59
-2.62 -2.33 3.17
-6.90 -1.79 15.66
-7.39 5.24 28.38
-3.84 -12.75 48.95
8.09 -3.33 58.45
10.28 3.40 52.37
9.64 3.03 36.50
10.62 3.22 22.85
-0.65 0.69 8.25
-7.55 -5.23 -1.14
-8.49 -7.00 -4.30
-7.10 -3.20 -2.91
-5.62 -2.75 1.20
-2.80 -1.11 2.63
-1.57 1.08 2.36
0.26 -2.56 1.89
1.36 -2.43 0.80
1.16 -3.77 0.74
1.41 -3.11 0.78
0.22 -2.14 0.79
0.54 -1.69 1.21
0.32 -1.14 0.78
0.32 -1.17 1.26
0.56 -1.27 2.65
0.66 -0.79 3.08
0.11 -0.62 2.66
-1.69 -0.93 0.33
-2.30 -2.21 -1.43
0.14 -2.30 -1.79
-1.08 -1.56 -0.15
0.09 -1.32 1.95
-0.43 -0.16 1.62
0.57 -0.50 1.34
-2.50 -2.36 4.40
-7.04 -1.58 14.76
-7.93 -8.08 28.12
-1.53 -4.26 49.67
3.27 -2.72 65.99
5.8