8.29 1.47 0.90
8.45 4.19 0.27
8.49 9.14 -2.30
8.49 11.81 -4.84
8.09 13.51 -7.42
7.71 15.61 -10.06
6.72 17.58 -12.73
5.74 19.41 -15.14
4.77 21.22 -17.68
3.29 22.47 -20.13
1.46 22.90 -22.74
-0.61 24.13 -24.86
-3.43 27.08 -26.39
-5.62 30.30 -26.87
-7.62 32.88 -26.47
-8.93 34.18 -26.42
-9.54 34.84 -26.90
-10.32 34.01 -27.81
-10.64 32.12 -28.78
-10.67 30.49 -30.02
-10.48 28.88 -30.89
-10.27 27.73 -31.69
-10.46 27.99 -32.82
-10.32 29.24 -34.16
-10.96 29.95 -35.74
-11.53 30.04 -37.44
-11.51 30.29 -38.66
-11.44 30.38 -39.44
-11.03 30.04 -39.85
-10.37 28.30 -40.15
-8.64 29.19 -39.91
-10.51 33.29 -39.39
-14.55 36.74 -39.41
-11.09 41.21 -39.25
-10.38 42.71 -39.92
-8.70 44.53 -42.29
-5.85 44.38 -45.62
-3.04 44.04 -46.13
-0.72 42.50 -44.40
1.85 40.86 -40.83
4.26 43.59 -37.31
3.55 46.53 -35.55
3.72 41.87 -34.67
4.33 31.84 -34.66
4.85 21.59 -34.44
5.56 14.17 -35.06
5.32 8.77 -35.16
4.53 3.81 -37.76
5.12 1.84 -40.44
5.02 -3.87 -42.45
4.68 -9.42 -42.69
6.16 -16.10 -42.40
7.57 -25.76 -41.40
10.40 -34.83 -39.25
12.72 -40.02 -37.87
14.72 -42.60 -37.29
17.00 -45.94 -38.99
20.06 -52.35 -42.98
22.80 -63.23 -48.69
25.60 -80.86 -54.92
27.34 -101.33 -59.89
28.45 -124.08 -64.34
27.66 -145.84 -66.60
26.59 -170.30 -66.08
25.62 -200.28 -62.68
23.55 -229.04 -58.41
21.32 -249.08 -54.48
18.71 -249.08 -50.51
15.24 -249.08 -46.31
11.84 -249.08 -42.30
5.65 -249.08 -38.72
-0.85 -249.08 -36.50
-9.54 -249.08 -35.92
-16.77 -249.08 -36.23
-23.82 -249.08 -35.53
-29.34 -249.08 -35.39
-35.03 -249.08 -37.92
-38.38 -249.08 -41.25
-38.56 -249.08 -43.03
-35.45 -249.08 -41.16
-26.67 -248.72 -36.18
-18.46 -235.42 -30.79
-8.92 -229.52 -24.93
0.62 -225.55 -20.23
9.19 -217.27 -15.65
14.50 -211.62 -11.22
18.75 -210.72 -6.96
24.12 -204.58 -4.38
28.37 -196.66 -1.16
35.00 -189.35 2.18
39.87 -179.24 4.80
46.29 -172.15 9.89
48.37 -168.80 13.24
53.89 -169.83 17.87
58.09 -168.80 21.56
61.88 -165.64 23.01
65.63 -162.41 23.50
67.66 -162.33 24.07
65.14 -166.53 22.94
59.95 -174.07 20.90
52.30 -180.98 19.90
48.26 -183.47 20.31
43.95 -182.58 20.65
39.49 -178.88 17.84
33.09 -170.59 12.84
27.82 -159.62 7.90
22.51 -146.47 5.68
17.88 -139.11 6.45
14.27 -136.34 7.67
8.14 -127.57 6.47
0.98 -114.60 1.25
-6.44 -101.61 -6.13
-15.54 -90.90 -13.91
-23.93 -77.09 -19.45
-30.91 -57.88 -22.53
-37.74 -36.52 -25.38
-41.95 -16.94 -28.73
-43.87 5.12 -32.42
-43.17 26.82 -35.03
-40.60 47.81 -36.16
-36.96 69.36 -35.76
-31.07 92.41 -34.78
-24.79 111.57 -33.37
-18.52 132.07 -30.46
-14.21 153.69 -25.92
-10.32 174.73 -21.30
-9.45 191.67 -16.35
-11.25 204.44 -11.47
-14.24 216.52 -6.33
-19.31 227.11 -2.38
-24.06 237.69 0.78
-27.61 248.45 2.63
-32.66 250.91 3.37
-36.71 250.91 5.21
-41.25 250.91 8.87
-46.23 250.91 13.40
-50.09 250.91 17.01
-54.90 250.91 19.70
-55.31 250.91 22.59
-56.83 250.91 27.63
-58.94 250.91 35.19
-60.20 250.91 42.29
-63.44 250.91 46.70
-67.00 250.91 49.46
-69.44 250.91 50.26
-69.46 250.91 48.64
-68.25 250.91 46.41
-68.86 250.91 46.40
-69.49 250.91 49.06
-70.43 250.91 53.31
-72.27 250.91 56.15
-72.22 250.91 55.79
-71.32 250.91 52.98
-68.44 250.91 49.82
-63.58 250.91 48.17
-57.84 250.91 49.35
-50.80 250.91 53.58
-43.09 250.91 58.71
-33.30 246.52 65.38
-23.48 243.57 72.50
-14.40 246.22 77.15
-6.84 247.73 78.56
-2.30 246.48 76.38
1.59 248.06 71.77
6.54 250.91 65.44
9.67 250.91 58.72
13.93 250.91 53.44
18.73 250.91 47.31
22.71 250.91 39.90
26.64 250.91 33.36
28.31 250.91 28.37
30.67 250.91 23.63
34.33 250.91 17.62
37.86 240.39 13.02
40.94 232.23 7.84
41.19 229.61 3.06
42.59 228.70 -1.62
42.46 226.57 -6.58
44.47 221.02 -10.80
44.82 215.99 -14.88
45.30 210.87 -18.33
44.30 204.86 -21.41
45.94 199.68 -23.74
47.45 193.56 -25.10
49.49 186.88 -24.21
51.23 178.47 -21.57
51.58 171.69 -18.16
48.19 165.63 -14.88
45.74 159.86 -12.44
42.50 156.07 -11.53
40.07 152.30 -11.89
37.48 146.90 -11.60
34.50 139.30 -8.74
33.98 134.28 -4.94
31.72 134.83 -1.46
30.20 137.57 1.02
28.84 138.83 2.46
28.70 137.73 4.50
27.53 136.92 7.21
26.88 135.59 9.16
27.08 131.71 10.76
26.13 132.62 12.45
26.99 136.05 14.07
28.24 137.15 15.23
29.77 131.24 16.83
28.56 123.93 18.54
24.31 114.56 18.73
20.09 102.64 17.90
12.50 93.41 16.32
5.78 83.68 14.63
-2.82 70.90 13.74
-11.39 51.64 14.73
-21.20 24.64 17.60
-28.07 -5.49 16.94
-33.36 -31.80 12.92
-38.70 -57.69 8.74
-43.22 -90.35 7.13
-46.28 -126.23 7.90
-49.72 -151.93 9.99
-51.98 -172.53 10.65
-52.87 -185.01 10.53
-53.22 -193.22 10.09
-50.99 -203.19 8.96
-47.16 -216.06 8.06
-43.82 -226.01 7.43
-41.21 -232.71 6.34
-37.96 -237.36 6.01
-34.36 -240.20 6.50
-29.91 -242.94 6.76
-26.06 -241.70 8.27
-26.03 -239.40 8.98
-24.22 -242.53 7.35
-26.42 -239.65 3.81
-23.38 -237.00 -0.54
-18.39 -233.18 -6.96
-11.76 -231.81 -11.94
-7.02 -232.23 -14.36
-5.26 -229.57 -12.09
-5.91 -223.93 -7.76
-4.85 -219.21 -4.39
-0.44 -219.38 -5.17
8.30 -223.18 -9.50
20.50 -225.12 -14.31
31.75 -228.04 -15.69
40.18 -231.63 -13.39
43.27 -233.81 -8.89
45.07 -227.35 -3.02
44.70 -217.54 0.92
46.64 -210.37 2.56
51.47 -206.60 2.91
59.04 -203.00 3.89
67.61 -200.38 6.16
75.36 -197.23 9.02
79.43 -188.74 10.48
80.71 -176.03 10.12
79.55 -160.94 8.89
76.53 -145.23 7.69
71.07 -131.37 9.44
62.48 -122.03 13.67
48.34 -113.14 20.49
28.26 -97.55 26.95
3.11 -80.62 30.77
-26.27 -63.45 31.94
-58.25 -42.07 30.62
-89.26 -22.19 28.47
-120.03 -8.49 25.55
-151.03 -2.67 22.24
-181.66 -3.35 18.42
-211.16 -7.46 15.24
-241.06 -9.69 14.92
-251.34 -8.00 16.40
-251.34 -4.72 16.77
-251.34 -3.52 14.85
-251.34 -4.88 12.14
-251.34 -10.34 9.34
-251.34 -19.69 7.71
-251.34 -30.01 8.68
-251.34 -37.02 10.39
-251.34 -37.57 12.22
-251.34 -32.29 12.71
-251.34 -27.78 11.09
-251.34 -27.77 8.00
-251.34 -29.32 3.88
-251.34 -24.97 -0.76
-251.34 -17.88 -3.41
-251.34 -15.46 -4.51
-251.34 -14.31 -5.33
-243.29 -8.92 -5.20
-234.66 -5.20 -6.97
-226.67 -7.66 -9.78
-222.18 -9.00 -12.79
-218.86 -6.54 -15.01
-216.48 -1.28 -17.20
-215.45 3.00 -18.58
-214.80 5.78 -19.38
-215.03 8.71 -19.80
-216.53 11.31 -20.21
-217.29 10.81 -19.62
-216.33 7.84 -19.33
-213.74 1.99 -19.03
-211.32 -4.48 -18.52
-208.70 -11.95 -18.26
-204.37 -12.57 -17.34
-197.91 -8.58 -16.62
-188.42 -6.16 -15.54
-176.56 -9.26 -14.82
-159.47 -11.71 -12.72
-144.16 -9.00 -8.82
-126.27 -5.28 -3.88
-106.34 -3.77 0.62
-86.84 -0.99 4.46
-64.58 0.87 6.86
-38.36 5.17 6.81
-8.33 5.52 7.15
27.78 3.74 7.88
61.84 4.45 10.63
97.38 7.55 14.82
130.16 11.02 20.08
161.89 12.42 24.78
191.02 14.35 28.40
221.44 12.91 30.42
246.98 14.38 31.05
248.65 18.28 30.65
248.65 20.83 29.04
248.65 20.05 25.59
248.65 17.04 20.31
248.65 18.62 15.53
248.65 22.20 12.83
248.65 19.15 10.89
248.65 12.45 8.10
248.65 4.98 5.91
248.65 1.05 3.62
248.65 4.39 1.56
248.65 11.84 0.20
248.65 22.87 -0.48
248.65 26.82 0.53
248.65 22.29 0.85
248.65 12.85 0.24
248.65 6.87 -2.85
248.65 4.18 -6.37
248.65 10.22 -8.55
243.39 23.74 -7.60
237.41 31.15 -3.90
231.38 23.31 -0.39
228.84 12.20 -0.89
229.11 2.56 -3.81
231.61 0.00 -8.06
235.24 13.94 -12.08
236.41 36.66 -11.77
236.36 46.65 -5.55
235.50 37.61 -0.28
236.60 25.15 2.22
239.81 20.90 3.27
246.64 22.51 2.09
248.65 22.45 0.20
248.65 19.34 -0.61
248.65 20.63 1.66
248.65 23.02 6.65
248.65 26.55 11.94
248.65 33.97 16.30
248.65 39.07 19.50
248.65 38.67 21.29
248.65 36.45 23.34
248.65 36.98 25.94
248.65 38.76 30.04
248.65 43.82 34.12
248.65 46.82 37.73
248.65 49.89 40.64
248.65 51.83 42.38
248.65 51.24 43.40
248.65 50.79 43.62
248.65 52.28 43.92
243.04 57.14 49.95
235.12 61.60 51.57
237.08 62.13 53.41
236.54 64.73 54.79
235.46 63.22 55.47
230.59 54.76 53.89
219.90 42.72 52.12
204.50 30.72 52.74
182.70 17.39 55.18
156.72 5.41 59.50
126.47 -2.69 63.90
90.99 -8.81 65.28
47.31 -13.05 63.76
3.62 -11.47 60.07
-37.59 -4.39 54.54
-75.26 1.48 47.72
-112.67 9.61 42.02
-148.58 20.27 40.72
-187.65 31.59 43.35
-221.73 47.62 45.57
-244.09 56.89 45.65
-251.34 56.92 44.28
-251.34 56.53 43.73
-251.34 60.91 44.45
-251.34 66.95 47.58
-251.34 75.63 53.33
-251.34 88.84 62.19
-251.34 99.72 71.93
-251.34 106.93 81.70
-251.34 112.56 92.80
-251.34 116.29 104.85
-251.34 120.73 118.61
-251.34 126.76 132.16
-251.34 128.04 146.51
-251.34 122.63 160.77
-251.34 112.36 176.61
-251.34 100.51 190.77
-251.34 87.14 204.18
-251.34 74.83 217.54
-251.34 65.01 231.74
-251.34 60.02 247.12
-251.34 57.82 250.29
-235.18 51.12 250.29
-216.56 34.31 250.29
-198.49 12.61 250.29
-181.27 -4.03 250.29
-160.