0.50 -0.12 -0.18
-0.30 -0.26 -0.43
-0.63 -0.49 -0.30
0.04 -0.16 0.35
0.32 -0.30 0.28
-0.24 -0.46 -0.21
0.30 -0.36 -0.23
0.00 -0.40 0.07
-0.96 -0.60 0.13
-0.27 -0.43 0.34
0.37 -0.42 -0.27
-1.49 1.06 1.40
-6.97 0.42 5.16
-12.81 -2.53 12.81
-11.31 -4.84 16.42
-6.92 -7.94 11.05
-3.41 -4.23 3.75
0.91 -0.24 1.84
3.60 -2.15 3.05
6.07 -4.65 4.84
5.86 -2.28 5.27
2.33 -1.37 2.88
1.43 -2.11 1.05
2.94 -2.79 0.68
0.99 -1.70 0.27
1.04 -2.88 1.11
-2.08 -4.52 3.13
0.53 -3.20 3.05
1.35 0.87 3.20
0.61 0.32 1.95
-3.20 0.61 0.75
-8.74 3.86 1.27
-6.70 1.24 0.63
-2.12 0.35 1.52
0.13 1.25 0.34
-0.19 3.94 -0.76
-0.53 3.68 -1.38
-1.66 4.55 -1.50
-1.72 1.88 -1.43
-3.98 -3.44 -2.53
-7.39 -7.21 -1.19
-6.16 -10.51 0.29
-2.05 -6.16 3.11
-1.42 -0.30 2.73
-2.53 0.44 0.55
-2.35 0.63 -0.59
-0.98 2.64 -1.92
1.91 5.65 -2.04
1.54 2.67 -4.48
0.95 -0.40 -4.55
5.80 -1.58 -3.14
6.15 2.29 -0.14
1.29 0.76 -0.53
0.37 1.64 -2.39
2.45 2.12 -3.01
5.69 2.17 -2.27
7.57 1.05 -1.79
9.35 1.32 -0.10
11.62 -1.37 1.36
8.74 3.55 2.33
5.39 5.43 2.06
2.94 5.78 0.53
-0.25 5.33 -0.85
-2.35 2.67 -1.57
-3.66 2.42 -0.32
0.50 1.62 0.08
8.49 5.20 -0.89
12.76 4.46 -0.24
16.90 3.80 0.66
14.51 -2.98 2.09
8.10 -4.48 3.36
3.74 -6.16 4.49
-1.66 -4.65 1.73
-6.28 -2.38 -0.27
-5.39 2.82 1.19
-1.57 -1.85 1.61
-0.31 -3.60 0.20
0.31 -1.03 2.78
-3.49 -5.19 2.39
-13.95 -8.25 1.18
-15.71 -4.55 0.64
-11.87 0.11 0.89
-6.81 1.55 -0.53
-1.79 1.82 -0.82
-0.38 8.96 -2.30
-2.40 10.48 -3.72
-0.30 1.59 -3.06
0.76 -2.97 -3.30
2.14 -2.88 -2.48
2.89 -8.45 -0.77
-3.72 -6.00 -1.85
-5.94 -2.19 0.19
-1.26 1.75 -0.07
2.37 4.43 -1.95
8.00 3.47 -2.30
11.54 0.73 -1.25
7.99 -0.86 -1.75
5.48 -0.43 -0.81
-2.59 -0.28 -0.60
-10.75 1.58 -0.70
-12.92 -4.49 0.31
-11.86 2.46 -0.16
-6.16 5.97 0.08
0.83 5.89 -1.21
3.72 1.88 -3.59
9.39 2.29 -4.38
7.79 6.37 -4.52
13.15 2.54 -2.51
18.26 1.99 0.07
12.54 -2.40 2.06
2.53 -10.19 3.26
-3.51 -7.45 2.87
-2.67 -1.64 4.79
-1.86 8.52 -0.43
-6.03 11.07 -1.08
-8.11 -4.65 -1.83
-9.48 -5.21 -0.85
-7.19 -8.01 0.21
-4.47 -11.38 -0.11
-3.93 -12.54 0.75
-4.18 -12.04 0.23
1.34 -0.70 -2.40
8.24 5.55 -0.61
13.20 2.48 -2.18
10.81 7.94 -2.00
0.48 9.96 -2.80
-10.91 12.60 -2.34
-14.51 -1.06 -1.03
-9.93 -16.58 1.03
1.33 -22.13 2.72
8.67 -5.45 1.65
11.80 9.21 2.06
5.90 11.92 0.27
-0.31 -0.31 -1.48
0.21 -0.28 -1.18
2.18 -1.08 0.35
3.28 -10.07 0.44
-0.18 -3.34 1.11
-4.49 22.90 0.73
-3.70 23.04 -1.75
1.35 7.42 -1.74
-2.82 -11.51 0.73
-6.30 -1.79 1.73
-2.11 24.33 1.49
5.40 18.10 0.27
12.54 -10.77 0.93
18.29 -15.80 4.95
18.49 -10.77 4.93
14.07 3.46 3.30
-0.45 5.82 1.89
-9.71 -1.62 2.66
-15.63 -12.73 4.00
-7.68 -10.99 3.42
-5.78 -16.62 3.26
-2.82 -8.83 -0.31
-0.27 7.24 -0.17
2.51 8.00 -3.76
-3.52 3.19 -2.61
-6.70 -2.42 -0.69
-11.66 -9.70 -0.11
-10.02 -0.12 -6.96
1.37 2.79 -24.06
10.53 -8.61 -45.70
18.53 8.00 -63.25
11.76 15.86 -72.73
-4.45 -4.36 -72.98
-19.69 -3.56 -70.60
-23.38 11.42 -71.79
-23.34 9.06 -74.13
-10.29 5.74 -79.02
-3.34 0.66 -84.57
5.50 2.64 -86.36
10.96 0.25 -87.47
9.77 -4.65 -89.07
9.21 -5.68 -88.01
2.85 0.02 -86.98
4.65 1.01 -87.16
7.41 -7.45 -87.95
4.46 -5.84 -88.29
3.01 0.93 -87.48
4.91 1.06 -87.97
2.74 6.23 -85.38
2.90 5.32 -86.43
7.51 2.82 -86.11
3.57 -5.02 -88.08
-1.46 -5.71 -83.33
-0.11 -6.26 -82.85
1.53 -4.45 -83.55
5.23 2.42 -82.82
10.96 -1.08 -87.43
5.55 -4.16 -86.47
0.35 7.85 -81.93
-3.21 1.72 -81.89
-1.33 -5.07 -84.88
3.67 3.18 -85.27
8.86 0.60 -85.65
6.22 -0.93 -87.36
2.92 6.72 -86.50
-1.04 7.56 -85.72
-4.04 3.85 -81.07
-7.94 4.26 -71.42
-11.26 3.58 -55.32
-25.36 12.74 -31.75
-13.17 9.62 -16.11
4.01 -6.86 -8.20
19.09 -5.49 -7.61
31.37 -0.56 -6.21
19.79 2.89 -8.45
9.50 8.97 -3.30
3.91 5.94 -3.27
3.05 8.88 -2.70
6.76 3.03 -4.41
8.22 -3.72 -4.93
7.31 -3.23 -10.27
0.27 2.43 -13.08
9.39 3.52 -28.05
-3.17 -4.46 -45.76
-13.50 -9.36 -56.53
-19.17 -4.19 -64.61
-19.75 -2.63 -68.23
-8.03 -9.21 -73.00
5.36 -6.11 -76.90
8.10 3.61 -77.45
8.34 -2.62 -77.17
7.24 -3.97 -76.53
1.23 3.69 -77.09
-3.75 7.94 -77.74
-3.28 0.76 -78.56
-6.15 0.17 -79.73
-2.77 4.68 -80.57
3.37 3.05 -82.98
7.66 2.03 -84.20
8.36 1.78 -86.29
9.32 -5.87 -82.75
3.01 -7.54 -78.71
-2.78 -3.62 -78.78
0.52 -1.49 -76.52
1.28 9.72 -78.73
1.27 4.97 -81.63
0.15 -7.87 -80.63
-1.73 0.72 -72.99
-0.53 9.34 -69.20
4.40 0.90 -70.14
12.37 0.72 -73.59
2.74 -5.15 -74.10
0.40 0.21 -72.00
-5.60 -3.66 -68.12
-2.98 0.33 -70.37
4.87 8.03 -70.54
9.54 6.87 -71.90
10.07 -1.86 -70.05
8.57 3.65 -70.01
5.46 7.26 -64.13
2.34 -4.86 -62.97
-6.09 -3.71 -58.62
-6.84 8.57 -58.98
-4.52 3.00 -63.68
-3.31 -4.68 -68.32
-2.72 4.50 -69.34
-1.73 7.33 -65.23
-2.63 2.69 -66.89
-2.75 0.20 -69.07
-0.80 0.72 -69.05
3.56 -2.66 -66.21
5.24 1.21 -66.14
4.57 -5.44 -67.30
8.89 -8.63 -67.43
8.53 -3.99 -67.67
4.52 -0.80 -69.87
7.16 2.69 -69.67
1.06 9.80 -68.98
2.30 5.04 -70.57
3.98 0.62 -70.63
-7.46 -0.44 -71.82
0.11 2.52 -73.94
7.16 3.53 -76.56
10.17 -0.97 -77.64
9.60 6.45 -76.22
2.47 11.28 -69.34
3.01 6.43 -67.39
5.94 4.43 -72.07
11.93 -4.10 -73.42
9.83 -3.96 -74.51
9.06 3.36 -71.91
5.26 7.18 -68.34
5.12 2.62 -67.79
-0.27 -1.55 -67.00
-3.59 5.94 -65.56
-5.52 5.46 -64.46
-8.48 -5.21 -66.29
3.21 -0.43 -68.71
14.93 -3.14 -69.18
10.36 -5.55 -67.48
6.33 -1.37 -63.77
-0.94 12.02 -61.59
-2.43 5.98 -66.60
0.81 0.32 -69.15
-4.79 -0.64 -68.66
-5.34 4.23 -64.63
0.89 6.06 -69.15
3.04 -5.17 -66.36
2.53 -8.54 -64.52
-4.24 -0.05 -61.84
0.32 6.20 -63.89
1.04 -3.41 -65.64
-2.57 -4.30 -66.15
-7.06 5.57 -65.32
-2.60 6.68 -64.78
-2.09 9.50 -66.35
-1.14 1.03 -69.54
8.77 -1.27 -70.59
12.34 -4.18 -69.24
8.04 -1.95 -66.96
6.26 -2.70 -64.83
3.61 -3.20 -63.74
3.94 5.94 -65.27
4.07 5.87 -64.27
-3.11 -0.04 -64.05
-1.19 -2.27 -64.39
-0.45 -2.17 -60.99
5.25 -2.66 -61.03
11.89 -1.95 -63.80
5.24 -0.05 -63.13
10.18 6.55 -62.10
6.32 5.40 -61.88
-1.40 4.14 -59.36
-2.13 7.69 -55.21
-8.29 -6.92 -55.05
-3.65 -10.72 -54.47
-2.46 -9.57 -55.85
7.67 -5.34 -55.85
10.68 -1.77 -55.95
0.09 4.37 -52.72
0.82 8.63 -51.57
-6.27 3.53 -54.44
-9.27 5.43 -53.89
-7.74 4.27 -52.15
-7.90 2.62 -51.17
-4.01 1.74 -50.82
1.88 -0.07 -50.53
10.93 -6.92 -51.95
8.32 -0.40 -51.09
4.45 2.04 -47.60
-1.63 3.54 -48.33
0.18 -0.60 -48.96
-3.00 8.65 -52.48
-6.87 6.28 -51.19
-3.76 -1.86 -52.21
-3.71 4.55 -53.81
6.20 3.10 -51.70
8.54 1.91 -51.34
7.92 6.00 -49.88
9.53 -0.49 -50.83
5.97 0.69 -49.46
2.88 5.30 -46.84
-2.25 6.49 -48.66
-5.84 6.24 -51.88
1.28 2.08 -52.95
-3.49 2.50 -51.87
-3.28 3.78 -51.30
-1.69 6.23 -52.21
3.57 -4.61 -50.90
2.82 -5.65 -50.88
3.18 -0.57 -48.89
5.93 0.89 -49.05
5.65 2.14 -50.87
7.65 -4.49 -55.68
10.49 7.08 -58.75
9.77 3.09 -61.33
6.74 0.92 -60.85
6.99 0.47 -59.36
4.81 -4.23 -59.08
4.34 -0.34 -60.78
1.87 -6.38 -61.58
0.06 -3.51 -62.13
-1.95 -1.32 -61.93
-2.51 3.30 -64.91
1.68 -1.85 -67.32
2.94 -5.69 -68.09
2.30 1.07 -65.32
0.21 9.25 -63.58
0.11 4.04 -62.71
1.40 -0.56 -63.25
-2.12 11.55 -66.15
0.07 8.69 -66.83
-0.75 6.68 -67.06
-0.14 5.41 -68.53
4.80 3.03 -66.59
2.32 0.92 -66.49
8.31 -0.60 -66.59
11.76 -2.42 -67.13
8.23 2.15 -64.08
5.52 7.70 -61.11
2.51 6.17 -63.06
-0.57 0.30 -62.04
-2.62 1.72 -64.71
-2.04 -3.01 -65.12
-3.59 0.53 -63.26
-0.75 -3.44 -62.26
0.97 4.42 -64.27
2.37 1.08 -67.25
11.16 -6.55 -71.55
7.69 -5.75 -70.92
3.52 7.59 -67.11
0.38 0.57 -65.89
-3.67 -1.47 -66.71
-2.51 6.62 -67.53
2.85 -1.52 -70.53
-1.71 -2.17 -70.35
-2.48 3.58 -67.08
-1.83 2.87 -67.72
-0.16 -3.24 -70.88
8.45 -3.74 -71.25
6.64 -3.56 -70.30
4.90 0.40 -70.32
9.42 0.37 -68.80
3.55 -4.38 -70.40
3.55 -3.46 -73.14
3.51 -2.92 -72.41
0.42 0.28 -71.01
-0.64 6.93 -69.84
1.05 3.35 -71.58
5.84 -6.51 -71.11
9.93 -8.33 -69.79
7.94 3.14 -69.66
6.90 1.91 -69.77
3.30 -0.56 -67.76
-3.72 -0.87 -62.07
-2.56 3.62 -62.38
-3.34 -0.59 -63.18
2.13 -2.58 -64.39
4.65 -1.58 -61.55
2.59 -2.82 -47.69
-5.66 -0.89 -34.77
-11.29 -2.71 -15.53
-14.91 -11.48 -3.59
-4.95 -5.47 5.68
5.48 4.43 7.91
13.79 -2.57 7.82
22.47 -1.63 8.60
13.25 10.71 5.71
0.58 6.56 2.55
-4.22 0.46 1.85
-3.53 5.15 2.33
-4.56 1.47 1.31
-12.49 0.52 0.63
-10.93 0.92 0.73
-10.66 -5.02 -0.47
-7.11 1.78 0.89
5.91 3.23 0.86
8.02 -0.42 1.50
5.77 8.26 0.23
2.88 9.03 -0.89
-1.00 3.91 -4.75
0.29 -1.30 -3.83
6.71 -6.03 -1.92
8.42 2.57 -0.53
9.06 6.23 0.98
11.85 -5.00 2.28
9.40 -6.15 3.76
4.29 -8.97 2.85
-3.65 -3.70 1.71
-5.86 7.46 0.80
-6.20 9.72 0.52
1.87 -0.79 0.58
6.13 -7.64 2.40
12.54 -0.21 3.80
11.22 4.07 4.17
4.10 2.50 3.02
-0.19 -6.17